134
127
148
57
90
1344
93
64
126
481
338
28
302
18
50
149
149
115
283
38
202
98
102
86
61
45
43
144
143
440
174
186
186
771
76
63
198
198
115
62
62
1643
293
106
29
39
540
183
109
126
85
64
112
14
16
21
21
17
99
138
150
120
80
76
48
93
56
48
129
87
62
350
350
1995
160
100
92
113
142
97
52
698
159
35
193
127
127
76
173
150
483
81
79
1066
42
125
287
663
59
149
210
241
98
98
76
155
343
61
212
187
106
105
203
206
339
351
293
293
910
176
176
113
138
138
67
171
233
166
94
137
93
186
77
85
92
100
64
72
86
108
46
110
98
211
198
190
30
109
110
30
369
146
76
260
416
126
390
89
89
48
150
84
324
272
259
71
84
64
136
136
56
165
165
69
154
154
67
593
190
190
196
214
102
28
126
43
122
55
140
82
774
82
83
97
97
77
101
101
53
327
327
742
200
200
206
75
75
27
195
195
257
653
653
460
134
134
175
224
224
358
127
127
15
224
224
819
453
453
728
210
210
131
304
304
466
211
211
191
148
148
76
156
156
142
166
166
183
108
108
65
120
120
191
95
182
182
204
120
157
119
89
519
23
124
162
179
71
